            k_x            k_y          value          error
    0.000000000    0.000000000    0.000000000    0.000000000
    0.000000000    0.523598790    0.019523851    0.000147652
    0.000000000    1.047197580    0.059344282    0.000314968
    0.000000000    1.570796371    0.110960951    0.000735532
    0.000000000    2.094395161    0.157405504    0.000905085
    0.000000000    2.617993832    0.190839953    0.001433218
    0.000000000    3.141592741    0.203445637    0.001414671
    0.000000000   -3.141592741    0.203445637    0.001414671
    0.000000000   -2.617993832    0.190839960    0.001433218
    0.000000000   -2.094395161    0.157405515    0.000905085
    0.000000000   -1.570796371    0.110960973    0.000735531
    0.000000000   -1.047197580    0.059344305    0.000314968
    0.000000000   -0.523598790    0.019523846    0.000147652
    0.523598790    0.000000000    0.019655666    0.000103213
    0.523598790    0.523598790    0.034298414    0.000199328
    0.523598790    1.047197580    0.069782436    0.000286522
    0.523598790    1.570796371    0.115958755    0.000816633
    0.523598790    2.094395161    0.159154538    0.001039841
    0.523598790    2.617993832    0.189878392    0.001033136
    0.523598790    3.141592741    0.202466004    0.000977889
    0.523598790   -3.141592741    0.202466004    0.000977889
    0.523598790   -2.617993832    0.190382722    0.001094596
    0.523598790   -2.094395161    0.159239481    0.000908874
    0.523598790   -1.570796371    0.116099104    0.000505188
    0.523598790   -1.047197580    0.069738540    0.000406555
    0.523598790   -0.523598790    0.034109793    0.000073365
    1.047197580    0.000000000    0.060658933    0.000267758
    1.047197580    0.523598790    0.070257663    0.000296516
    1.047197580    1.047197580    0.095022427    0.000139410
    1.047197580    1.570796371    0.130281857    0.000392683
    1.047197580    2.094395161    0.164000879    0.001135260
    1.047197580    2.617993832    0.190412134    0.000837839
    1.047197580    3.141592741    0.201328115    0.001129079
    1.047197580   -3.141592741    0.201328115    0.001129079
    1.047197580   -2.617993832    0.190909824    0.001645307
    1.047197580   -2.094395161    0.163336004    0.000990774
    1.047197580   -1.570796371    0.130522999    0.000390816
    1.047197580   -1.047197580    0.096060036    0.000297883
    1.047197580   -0.523598790    0.070571656    0.000249434
    1.570796371    0.000000000    0.112378709    0.000621920
    1.570796371    0.523598790    0.117722125    0.000809056
    1.570796371    1.047197580    0.130574020    0.000744570
    1.570796371    1.570796371    0.149769988    0.000541466
    1.570796371    2.094395161    0.171795415    0.000854533
    1.570796371    2.617993832    0.189784906    0.000609971
    1.570796371    3.141592741    0.199134081    0.001169638
    1.570796371   -3.141592741    0.199134081    0.001169638
    1.570796371   -2.617993832    0.190061626    0.000759700
    1.570796371   -2.094395161    0.170562245    0.000715383
    1.570796371   -1.570796371    0.150221745    0.000580721
    1.570796371   -1.047197580    0.130988220    0.000584300
    1.570796371   -0.523598790    0.117360463    0.000980827
    2.094395161    0.000000000    0.160363326    0.001140687
    2.094395161    0.523598790    0.160993149    0.001194945
    2.094395161    1.047197580    0.165000590    0.000740790
    2.094395161    1.570796371    0.173018483    0.000760711
    2.094395161    2.094395161    0.178077278    0.000309239
    2.094395161    2.617993832    0.192047082    0.000878657
    2.094395161    3.141592741    0.196975011    0.000902451
    2.094395161   -3.141592741    0.196975011    0.000902451
    2.094395161   -2.617993832    0.191281842    0.000988568
    2.094395161   -2.094395161    0.179186638    0.000805862
    2.094395161   -1.570796371    0.172853730    0.000661436
    2.094395161   -1.047197580    0.165371988    0.000742056
    2.094395161   -0.523598790    0.160847663    0.000577229
    2.617993832    0.000000000    0.192194822    0.001002322
    2.617993832    0.523598790    0.193290540    0.001314181
    2.617993832    1.047197580    0.191739411    0.001073916
    2.617993832    1.570796371    0.192521645    0.001118456
    2.617993832    2.094395161    0.192161924    0.000987649
    2.617993832    2.617993832    0.197857900    0.000694580
    2.617993832    3.141592741    0.203214779    0.000940211
    2.617993832   -3.141592741    0.203214779    0.000940211
    2.617993832   -2.617993832    0.197788018    0.000888558
    2.617993832   -2.094395161    0.192092525    0.000820127
    2.617993832   -1.570796371    0.191896876    0.000881654
    2.617993832   -1.047197580    0.192780278    0.001231551
    2.617993832   -0.523598790    0.193338330    0.001146727
    3.141592741    0.000000000    0.205709124    0.001446590
   -3.141592741    0.000000000    0.205709124    0.001446590
    3.141592741    0.523598790    0.204952679    0.001397592
   -3.141592741    0.523598790    0.204952679    0.001397592
    3.141592741    1.047197580    0.203839637    0.001203427
   -3.141592741    1.047197580    0.203839637    0.001203427
    3.141592741    1.570796371    0.201534577    0.001919698
   -3.141592741    1.570796371    0.201534577    0.001919698
    3.141592741    2.094395161    0.198422104    0.001362446
   -3.141592741    2.094395161    0.198422104    0.001362446
    3.141592741    2.617993832    0.204304753    0.000675490
   -3.141592741    2.617993832    0.204304753    0.000675490
    3.141592741    3.141592741    1.591936505    0.011328199
   -3.141592741    3.141592741    1.591936505    0.011328199
    3.141592741   -3.141592741    1.591936505    0.011328199
   -3.141592741   -3.141592741    1.591936505    0.011328199
    3.141592741   -2.617993832    0.204304760    0.000675490
   -3.141592741   -2.617993832    0.204304760    0.000675490
    3.141592741   -2.094395161    0.198422107    0.001362445
   -3.141592741   -2.094395161    0.198422107    0.001362445
    3.141592741   -1.570796371    0.201534579    0.001919698
   -3.141592741   -1.570796371    0.201534579    0.001919698
    3.141592741   -1.047197580    0.203839656    0.001203427
   -3.141592741   -1.047197580    0.203839656    0.001203427
    3.141592741   -0.523598790    0.204952653    0.001397592
   -3.141592741   -0.523598790    0.204952653    0.001397592
   -2.617993832    0.000000000    0.192194830    0.001002322
   -2.617993832    0.523598790    0.193338347    0.001146727
   -2.617993832    1.047197580    0.192780273    0.001231552
   -2.617993832    1.570796371    0.191896866    0.000881655
   -2.617993832    2.094395161    0.192092488    0.000820128
   -2.617993832    2.617993832    0.197788018    0.000888558
   -2.617993832    3.141592741    0.203214783    0.000940209
   -2.617993832   -3.141592741    0.203214783    0.000940209
   -2.617993832   -2.617993832    0.197857942    0.000694579
   -2.617993832   -2.094395161    0.192161943    0.000987650
   -2.617993832   -1.570796371    0.192521693    0.001118456
   -2.617993832   -1.047197580    0.191739350    0.001073916
   -2.617993832   -0.523598790    0.193290586    0.001314182
   -2.094395161    0.000000000    0.160363336    0.001140687
   -2.094395161    0.523598790    0.160847710    0.000577229
   -2.094395161    1.047197580    0.165371977    0.000742056
   -2.094395161    1.570796371    0.172853767    0.000661436
   -2.094395161    2.094395161    0.179186637    0.000805862
   -2.094395161    2.617993832    0.191281879    0.000988568
   -2.094395161    3.141592741    0.196975014    0.000902450
   -2.094395161   -3.141592741    0.196975014    0.000902450
   -2.094395161   -2.617993832    0.192047102    0.000878657
   -2.094395161   -2.094395161    0.178076939    0.000309240
   -2.094395161   -1.570796371    0.173018516    0.000760710
   -2.094395161   -1.047197580    0.165000593    0.000740790
   -2.094395161   -0.523598790    0.160993135    0.001194945
   -1.570796371    0.000000000    0.112378733    0.000621920
   -1.570796371    0.523598790    0.117360496    0.000980826
   -1.570796371    1.047197580    0.130988226    0.000584300
   -1.570796371    1.570796371    0.150221746    0.000580721
   -1.570796371    2.094395161    0.170562210    0.000715383
   -1.570796371    2.617993832    0.190061636    0.000759699
   -1.570796371    3.141592741    0.199134085    0.001169637
   -1.570796371   -3.141592741    0.199134085    0.001169637
   -1.570796371   -2.617993832    0.189784952    0.000609972
   -1.570796371   -2.094395161    0.171795448    0.000854533
   -1.570796371   -1.570796371    0.149770129    0.000541465
   -1.570796371   -1.047197580    0.130574016    0.000744570
   -1.570796371   -0.523598790    0.117722272    0.000809056
   -1.047197580    0.000000000    0.060658955    0.000267758
   -1.047197580    0.523598790    0.070571616    0.000249435
   -1.047197580    1.047197580    0.096060036    0.000297882
   -1.047197580    1.570796371    0.130522993    0.000390816
   -1.047197580    2.094395161    0.163336015    0.000990773
   -1.047197580    2.617993832    0.190909829    0.001645307
   -1.047197580    3.141592741    0.201328134    0.001129079
   -1.047197580   -3.141592741    0.201328134    0.001129079
   -1.047197580   -2.617993832    0.190412075    0.000837838
   -1.047197580   -2.094395161    0.164000884    0.001135260
   -1.047197580   -1.570796371    0.130281850    0.000392684
   -1.047197580   -1.047197580    0.095022443    0.000139411
   -1.047197580   -0.523598790    0.070257671    0.000296515
   -0.523598790    0.000000000    0.019655662    0.000103213
   -0.523598790    0.523598790    0.034109793    0.000073365
   -0.523598790    1.047197580    0.069738580    0.000406555
   -0.523598790    1.570796371    0.116099072    0.000505188
   -0.523598790    2.094395161    0.159239434    0.000908873
   -0.523598790    2.617993832    0.190382704    0.001094595
   -0.523598790    3.141592741    0.202465976    0.000977889
   -0.523598790   -3.141592741    0.202465976    0.000977889
   -0.523598790   -2.617993832    0.189878439    0.001033136
   -0.523598790   -2.094395161    0.159154523    0.001039841
   -0.523598790   -1.570796371    0.115958905    0.000816634
   -0.523598790   -1.047197580    0.069782445    0.000286521
   -0.523598790   -0.523598790    0.034298507    0.000199327
