            k_x            k_y          value          error
    0.000000000    0.000000000   -0.000000000    0.000000000
    0.000000000    0.523598790    0.011379237    0.000060346
    0.000000000    1.047197580    0.037226338    0.000135953
    0.000000000    1.570796371    0.066833861    0.000655540
    0.000000000    2.094395161    0.088947229    0.000786340
    0.000000000    2.617993832    0.104649000    0.000819787
    0.000000000    3.141592741    0.108153018    0.000783874
    0.000000000   -3.141592741    0.108153018    0.000783874
    0.000000000   -2.617993832    0.104649003    0.000819787
    0.000000000   -2.094395161    0.088947238    0.000786339
    0.000000000   -1.570796371    0.066833873    0.000655540
    0.000000000   -1.047197580    0.037226352    0.000135953
    0.000000000   -0.523598790    0.011379234    0.000060346
    0.523598790    0.000000000    0.011460290    0.000128130
    0.523598790    0.523598790    0.019763762    0.000182054
    0.523598790    1.047197580    0.042333241    0.000522437
    0.523598790    1.570796371    0.069869226    0.000551068
    0.523598790    2.094395161    0.093044263    0.000510580
    0.523598790    2.617993832    0.107725100    0.000644742
    0.523598790    3.141592741    0.112810946    0.000552913
    0.523598790   -3.141592741    0.112810946    0.000552913
    0.523598790   -2.617993832    0.106617988    0.000705380
    0.523598790   -2.094395161    0.092552859    0.000729309
    0.523598790   -1.570796371    0.069230121    0.000813711
    0.523598790   -1.047197580    0.042038873    0.000265469
    0.523598790   -0.523598790    0.019758329    0.000189899
    1.047197580    0.000000000    0.036658299    0.000301740
    1.047197580    0.523598790    0.042094176    0.000399033
    1.047197580    1.047197580    0.056488207    0.000280678
    1.047197580    1.570796371    0.078918063    0.000348137
    1.047197580    2.094395161    0.102071783    0.000659728
    1.047197580    2.617993832    0.118697177    0.001062963
    1.047197580    3.141592741    0.122875529    0.000858097
    1.047197580   -3.141592741    0.122875529    0.000858097
    1.047197580   -2.617993832    0.118192083    0.000599118
    1.047197580   -2.094395161    0.101576686    0.000333854
    1.047197580   -1.570796371    0.079409953    0.000372488
    1.047197580   -1.047197580    0.056851173    0.000355431
    1.047197580   -0.523598790    0.041518790    0.000199318
    1.570796371    0.000000000    0.065674004    0.000590973
    1.570796371    0.523598790    0.069136425    0.000742254
    1.570796371    1.047197580    0.080325588    0.000830896
    1.570796371    1.570796371    0.098046334    0.000829183
    1.570796371    2.094395161    0.120217829    0.000830142
    1.570796371    2.617993832    0.135159806    0.000692904
    1.570796371    3.141592741    0.140013386    0.001109711
    1.570796371   -3.141592741    0.140013386    0.001109711
    1.570796371   -2.617993832    0.136392791    0.000838796
    1.570796371   -2.094395161    0.119457955    0.000545513
    1.570796371   -1.570796371    0.096880604    0.000373123
    1.570796371   -1.047197580    0.080104675    0.000704119
    1.570796371   -0.523598790    0.069004833    0.000723743
    2.094395161    0.000000000    0.089709711    0.000843202
    2.094395161    0.523598790    0.091536578    0.000383138
    2.094395161    1.047197580    0.102504599    0.000805265
    2.094395161    1.570796371    0.118061362    0.000750471
    2.094395161    2.094395161    0.142313125    0.001097218
    2.094395161    2.617993832    0.158828377    0.001411644
    2.094395161    3.141592741    0.163562274    0.000883667
    2.094395161   -3.141592741    0.163562274    0.000883667
    2.094395161   -2.617993832    0.160432258    0.001185607
    2.094395161   -2.094395161    0.140668907    0.000905546
    2.094395161   -1.570796371    0.119287672    0.000553432
    2.094395161   -1.047197580    0.102377270    0.000639066
    2.094395161   -0.523598790    0.091560760    0.000579465
    2.617993832    0.000000000    0.103911407    0.000709766
    2.617993832    0.523598790    0.107068623    0.000912460
    2.617993832    1.047197580    0.117235411    0.000754850
    2.617993832    1.570796371    0.135072768    0.000760437
    2.617993832    2.094395161    0.160057859    0.001412747
    2.617993832    2.617993832    0.181220376    0.002016442
    2.617993832    3.141592741    0.190699838    0.001803967
    2.617993832   -3.141592741    0.190699838    0.001803967
    2.617993832   -2.617993832    0.181005655    0.001725561
    2.617993832   -2.094395161    0.157558085    0.000927890
    2.617993832   -1.570796371    0.136044697    0.001089278
    2.617993832   -1.047197580    0.117274832    0.001035588
    2.617993832   -0.523598790    0.107089346    0.000557093
    3.141592741    0.000000000    0.110507324    0.001305783
   -3.141592741    0.000000000    0.110507324    0.001305783
    3.141592741    0.523598790    0.112545007    0.000675482
   -3.141592741    0.523598790    0.112545007    0.000675482
    3.141592741    1.047197580    0.122645487    0.000769865
   -3.141592741    1.047197580    0.122645487    0.000769865
    3.141592741    1.570796371    0.141657521    0.001461983
   -3.141592741    1.570796371    0.141657521    0.001461983
    3.141592741    2.094395161    0.165332118    0.001647962
   -3.141592741    2.094395161    0.165332118    0.001647962
    3.141592741    2.617993832    0.191212203    0.001316844
   -3.141592741    2.617993832    0.191212203    0.001316844
    3.141592741    3.141592741   12.572591913    0.074382833
   -3.141592741    3.141592741   12.572591913    0.074382833
    3.141592741   -3.141592741   12.572591913    0.074382833
   -3.141592741   -3.141592741   12.572591913    0.074382833
    3.141592741   -2.617993832    0.191212144    0.001316838
   -3.141592741   -2.617993832    0.191212144    0.001316838
    3.141592741   -2.094395161    0.165332049    0.001647961
   -3.141592741   -2.094395161    0.165332049    0.001647961
    3.141592741   -1.570796371    0.141657528    0.001461985
   -3.141592741   -1.570796371    0.141657528    0.001461985
    3.141592741   -1.047197580    0.122645641    0.000769863
   -3.141592741   -1.047197580    0.122645641    0.000769863
    3.141592741   -0.523598790    0.112544729    0.000675483
   -3.141592741   -0.523598790    0.112544729    0.000675483
   -2.617993832    0.000000000    0.103911411    0.000709767
   -2.617993832    0.523598790    0.107089439    0.000557093
   -2.617993832    1.047197580    0.117274813    0.001035588
   -2.617993832    1.570796371    0.136044659    0.001089277
   -2.617993832    2.094395161    0.157557774    0.000927893
   -2.617993832    2.617993832    0.181005653    0.001725561
   -2.617993832    3.141592741    0.190699787    0.001803965
   -2.617993832   -3.141592741    0.190699787    0.001803965
   -2.617993832   -2.617993832    0.181220704    0.002016440
   -2.617993832   -2.094395161    0.160058000    0.001412747
   -2.617993832   -1.570796371    0.135073086    0.000760437
   -2.617993832   -1.047197580    0.117234805    0.000754852
   -2.617993832   -0.523598790    0.107069009    0.000912459
   -2.094395161    0.000000000    0.089709717    0.000843201
   -2.094395161    0.523598790    0.091561163    0.000579463
   -2.094395161    1.047197580    0.102377212    0.000639067
   -2.094395161    1.570796371    0.119288039    0.000553432
   -2.094395161    2.094395161    0.140668907    0.000905546
   -2.094395161    2.617993832    0.160432572    0.001185606
   -2.094395161    3.141592741    0.163562215    0.000883669
   -2.094395161   -3.141592741    0.163562215    0.000883669
   -2.094395161   -2.617993832    0.158828519    0.001411645
   -2.094395161   -2.094395161    0.142309939    0.001097225
   -2.094395161   -1.570796371    0.118061563    0.000750471
   -2.094395161   -1.047197580    0.102504486    0.000805267
   -2.094395161   -0.523598790    0.091536348    0.000383138
   -1.570796371    0.000000000    0.065674016    0.000590973
   -1.570796371    0.523598790    0.069004949    0.000723742
   -1.570796371    1.047197580    0.080104752    0.000704119
   -1.570796371    1.570796371    0.096880601    0.000373123
   -1.570796371    2.094395161    0.119457588    0.000545516
   -1.570796371    2.617993832    0.136392829    0.000838796
   -1.570796371    3.141592741    0.140013394    0.001109711
   -1.570796371   -3.141592741    0.140013394    0.001109711
   -1.570796371   -2.617993832    0.135160122    0.000692902
   -1.570796371   -2.094395161    0.120218038    0.000830142
   -1.570796371   -1.570796371    0.098047441    0.000829179
   -1.570796371   -1.047197580    0.080325330    0.000830898
   -1.570796371   -0.523598790    0.069137550    0.000742249
   -1.047197580    0.000000000    0.036658311    0.000301740
   -1.047197580    0.523598790    0.041518321    0.000199321
   -1.047197580    1.047197580    0.056851176    0.000355432
   -1.047197580    1.570796371    0.079409876    0.000372488
   -1.047197580    2.094395161    0.101576748    0.000333854
   -1.047197580    2.617993832    0.118192103    0.000599118
   -1.047197580    3.141592741    0.122875688    0.000858099
   -1.047197580   -3.141592741    0.122875688    0.000858099
   -1.047197580   -2.617993832    0.118696571    0.001062963
   -1.047197580   -2.094395161    0.102071669    0.000659729
   -1.047197580   -1.570796371    0.078917807    0.000348138
   -1.047197580   -1.047197580    0.056488121    0.000280680
   -1.047197580   -0.523598790    0.042094242    0.000399033
   -0.523598790    0.000000000    0.011460287    0.000128130
   -0.523598790    0.523598790    0.019758331    0.000189899
   -0.523598790    1.047197580    0.042039341    0.000265467
   -0.523598790    1.570796371    0.069230003    0.000813711
   -0.523598790    2.094395161    0.092552455    0.000729310
   -0.523598790    2.617993832    0.106617893    0.000705380
   -0.523598790    3.141592741    0.112810668    0.000552915
   -0.523598790   -3.141592741    0.112810668    0.000552915
   -0.523598790   -2.617993832    0.107725488    0.000644741
   -0.523598790   -2.094395161    0.093044033    0.000510579
   -0.523598790   -1.570796371    0.069870347    0.000551064
   -0.523598790   -1.047197580    0.042333306    0.000522436
   -0.523598790   -0.523598790    0.019764671    0.000182049
