            k_x            k_y          value          error
    0.000000000    0.000000000   -0.000000000    0.000000000
    0.000000000    0.448798954    0.008572259    0.000094373
    0.000000000    0.897597909    0.028749707    0.000231799
    0.000000000    1.346396923    0.053383645    0.000622130
    0.000000000    1.795195818    0.077721074    0.001273772
    0.000000000    2.243994713    0.093475449    0.000584173
    0.000000000    2.692793846    0.105280907    0.000698286
    0.000000000    3.141592741    0.109800668    0.001430838
    0.000000000   -3.141592741    0.109800668    0.001430838
    0.000000000   -2.692793846    0.105280906    0.000698286
    0.000000000   -2.243994713    0.093475448    0.000584173
    0.000000000   -1.795195818    0.077721078    0.001273772
    0.000000000   -1.346396923    0.053383654    0.000622130
    0.000000000   -0.897597909    0.028749713    0.000231799
    0.000000000   -0.448798954    0.008572264    0.000094374
    0.448798954    0.000000000    0.008485627    0.000064508
    0.448798954    0.448798954    0.015270199    0.000125405
    0.448798954    0.897597909    0.033443621    0.000264130
    0.448798954    1.346396923    0.056214126    0.000766164
    0.448798954    1.795195818    0.078906946    0.000586834
    0.448798954    2.243994713    0.095713871    0.001091288
    0.448798954    2.692793846    0.107955593    0.000712803
    0.448798954    3.141592741    0.110949343    0.000686735
    0.448798954   -3.141592741    0.110949343    0.000686735
    0.448798954   -2.692793846    0.107395824    0.001089173
    0.448798954   -2.243994713    0.097473270    0.000740135
    0.448798954   -1.795195818    0.078764661    0.000723840
    0.448798954   -1.346396923    0.056113822    0.000843703
    0.448798954   -0.897597909    0.033133130    0.000406567
    0.448798954   -0.448798954    0.015269039    0.000163234
    0.897597909    0.000000000    0.028927340    0.000240470
    0.897597909    0.448798954    0.033072628    0.000180806
    0.897597909    0.897597909    0.045051066    0.000351431
    0.897597909    1.346396923    0.064847295    0.000457322
    0.897597909    1.795195818    0.085563742    0.000707574
    0.897597909    2.243994713    0.105447507    0.000955034
    0.897597909    2.692793846    0.116392802    0.001449140
    0.897597909    3.141592741    0.118711761    0.001217200
    0.897597909   -3.141592741    0.118711761    0.001217200
    0.897597909   -2.692793846    0.116756085    0.000936587
    0.897597909   -2.243994713    0.103133030    0.000644922
    0.897597909   -1.795195818    0.086312759    0.000737716
    0.897597909   -1.346396923    0.064747061    0.000428295
    0.897597909   -0.897597909    0.045551452    0.000497115
    0.897597909   -0.448798954    0.032715174    0.000241978
    1.346396923    0.000000000    0.052748695    0.000385329
    1.346396923    0.448798954    0.056578011    0.000631744
    1.346396923    0.897597909    0.064951289    0.000535945
    1.346396923    1.346396923    0.079283457    0.000604163
    1.346396923    1.795195818    0.098423363    0.000400121
    1.346396923    2.243994713    0.117555279    0.001153575
    1.346396923    2.692793846    0.127924290    0.000761121
    1.346396923    3.141592741    0.131184617    0.000833720
    1.346396923   -3.141592741    0.131184617    0.000833720
    1.346396923   -2.692793846    0.129208826    0.001428979
    1.346396923   -2.243994713    0.115761325    0.000961656
    1.346396923   -1.795195818    0.098700776    0.000803737
    1.346396923   -1.346396923    0.080264176    0.000580949
    1.346396923   -0.897597909    0.065651987    0.000672250
    1.346396923   -0.448798954    0.056036552    0.000456708
    1.795195818    0.000000000    0.076128258    0.000882826
    1.795195818    0.448798954    0.078856174    0.000522010
    1.795195818    0.897597909    0.086307753    0.000673055
    1.795195818    1.346396923    0.099165900    0.000318378
    1.795195818    1.795195818    0.116048945    0.000734801
    1.795195818    2.243994713    0.134300343    0.000989019
    1.795195818    2.692793846    0.145514773    0.000729464
    1.795195818    3.141592741    0.152195519    0.001430210
    1.795195818   -3.141592741    0.152195519    0.001430210
    1.795195818   -2.692793846    0.145639193    0.001211738
    1.795195818   -2.243994713    0.132450598    0.000943018
    1.795195818   -1.795195818    0.116107614    0.000724218
    1.795195818   -1.346396923    0.099342070    0.000926918
    1.795195818   -0.897597909    0.086965939    0.000906005
    1.795195818   -0.448798954    0.078381769    0.000483025
    2.243994713    0.000000000    0.093961692    0.000848703
    2.243994713    0.448798954    0.095655296    0.000852618
    2.243994713    0.897597909    0.104312624    0.001009205
    2.243994713    1.346396923    0.116318682    0.000832760
    2.243994713    1.795195818    0.132984064    0.001123280
    2.243994713    2.243994713    0.152192238    0.001484469
    2.243994713    2.692793846    0.167077499    0.001261008
    2.243994713    3.141592741    0.170184379    0.001416393
    2.243994713   -3.141592741    0.170184379    0.001416393
    2.243994713   -2.692793846    0.167039581    0.001247377
    2.243994713   -2.243994713    0.151154058    0.000993536
    2.243994713   -1.795195818    0.134298237    0.001353426
    2.243994713   -1.346396923    0.116919898    0.001256651
    2.243994713   -0.897597909    0.103563236    0.000802185
    2.243994713   -0.448798954    0.096312260    0.001044749
    2.692793846    0.000000000    0.105015884    0.000853225
    2.692793846    0.448798954    0.106276847    0.000651837
    2.692793846    0.897597909    0.116057651    0.001826241
    2.692793846    1.346396923    0.126474418    0.000525672
    2.692793846    1.795195818    0.145410923    0.001247422
    2.692793846    2.243994713    0.165327846    0.001235720
    2.692793846    2.692793846    0.187120920    0.001475558
    2.692793846    3.141592741    0.194151628    0.001860811
    2.692793846   -3.141592741    0.194151628    0.001860811
    2.692793846   -2.692793846    0.183728665    0.001116598
    2.692793846   -2.243994713    0.167564774    0.001322640
    2.692793846   -1.795195818    0.145362874    0.000855809
    2.692793846   -1.346396923    0.128630599    0.000873788
    2.692793846   -0.897597909    0.113826226    0.000993210
    2.692793846   -0.448798954    0.106090047    0.000353699
    3.141592741    0.000000000    0.108176722    0.000766195
   -3.141592741    0.000000000    0.108176722    0.000766195
    3.141592741    0.448798954    0.109515766    0.000848599
   -3.141592741    0.448798954    0.109515766    0.000848599
    3.141592741    0.897597909    0.118306514    0.000763571
   -3.141592741    0.897597909    0.118306514    0.000763571
    3.141592741    1.346396923    0.131412772    0.001091835
   -3.141592741    1.346396923    0.131412772    0.001091835
    3.141592741    1.795195818    0.149811618    0.001138915
   -3.141592741    1.795195818    0.149811618    0.001138915
    3.141592741    2.243994713    0.170817928    0.001179107
   -3.141592741    2.243994713    0.170817928    0.001179107
    3.141592741    2.692793846    0.195536271    0.002867939
   -3.141592741    2.692793846    0.195536271    0.002867939
    3.141592741    3.141592741   17.117265417    0.091646425
   -3.141592741    3.141592741   17.117265417    0.091646425
    3.141592741   -3.141592741   17.117265417    0.091646425
   -3.141592741   -3.141592741   17.117265417    0.091646425
    3.141592741   -2.692793846    0.195536313    0.002867935
   -3.141592741   -2.692793846    0.195536313    0.002867935
    3.141592741   -2.243994713    0.170817900    0.001179106
   -3.141592741   -2.243994713    0.170817900    0.001179106
    3.141592741   -1.795195818    0.149811411    0.001138914
   -3.141592741   -1.795195818    0.149811411    0.001138914
    3.141592741   -1.346396923    0.131412693    0.001091835
   -3.141592741   -1.346396923    0.131412693    0.001091835
    3.141592741   -0.897597909    0.118306476    0.000763570
   -3.141592741   -0.897597909    0.118306476    0.000763570
    3.141592741   -0.448798954    0.109515522    0.000848599
   -3.141592741   -0.448798954    0.109515522    0.000848599
   -2.692793846    0.000000000    0.105015884    0.000853225
   -2.692793846    0.448798954    0.106089981    0.000353699
   -2.692793846    0.897597909    0.113826194    0.000993212
   -2.692793846    1.346396923    0.128630807    0.000873789
   -2.692793846    1.795195818    0.145363925    0.000855806
   -2.692793846    2.243994713    0.167564796    0.001322638
   -2.692793846    2.692793846    0.183728668    0.001116598
   -2.692793846    3.141592741    0.194151721    0.001860824
   -2.692793846   -3.141592741    0.194151721    0.001860824
   -2.692793846   -2.692793846    0.187120042    0.001475564
   -2.692793846   -2.243994713    0.165328533    0.001235719
   -2.692793846   -1.795195818    0.145410799    0.001247421
   -2.692793846   -1.346396923    0.126474507    0.000525671
   -2.692793846   -0.897597909    0.116057636    0.001826240
   -2.692793846   -0.448798954    0.106276710    0.000651838
   -2.243994713    0.000000000    0.093961692    0.000848703
   -2.243994713    0.448798954    0.096312460    0.001044747
   -2.243994713    0.897597909    0.103563135    0.000802186
   -2.243994713    1.346396923    0.116920275    0.001256650
   -2.243994713    1.795195818    0.134298355    0.001353427
   -2.243994713    2.243994713    0.151154058    0.000993536
   -2.243994713    2.692793846    0.167039561    0.001247378
   -2.243994713    3.141592741    0.170184347    0.001416392
   -2.243994713   -3.141592741    0.170184347    0.001416392
   -2.243994713   -2.692793846    0.167078181    0.001261004
   -2.243994713   -2.243994713    0.152193683    0.001484464
   -2.243994713   -1.795195818    0.132984636    0.001123279
   -2.243994713   -1.346396923    0.116318347    0.000832763
   -2.243994713   -0.897597909    0.104312668    0.001009205
   -2.243994713   -0.448798954    0.095655243    0.000852618
   -1.795195818    0.000000000    0.076128262    0.000882825
   -1.795195818    0.448798954    0.078381171    0.000483026
   -1.795195818    0.897597909    0.086963385    0.000906008
   -1.795195818    1.346396923    0.099341871    0.000926917
   -1.795195818    1.795195818    0.116107619    0.000724218
   -1.795195818    2.243994713    0.132450480    0.000943018
   -1.795195818    2.692793846    0.145638138    0.001211741
   -1.795195818    3.141592741    0.152195297    0.001430213
   -1.795195818   -3.141592741    0.152195297    0.001430213
   -1.795195818   -2.692793846    0.145514655    0.000729465
   -1.795195818   -2.243994713    0.134300918    0.000989019
   -1.795195818   -1.795195818    0.116044407    0.000734813
   -1.795195818   -1.346396923    0.099166361    0.000318378
   -1.795195818   -0.897597909    0.086307720    0.000673055
   -1.795195818   -0.448798954    0.078856259    0.000522010
   -1.346396923    0.000000000    0.052748703    0.000385329
   -1.346396923    0.448798954    0.056036693    0.000456707
   -1.346396923    0.897597909    0.065651925    0.000672250
   -1.346396923    1.346396923    0.080264178    0.000580949
   -1.346396923    1.795195818    0.098700963    0.000803737
   -1.346396923    2.243994713    0.115760958    0.000961658
   -1.346396923    2.692793846    0.129208616    0.001428980
   -1.346396923    3.141592741    0.131184539    0.000833721
   -1.346396923   -3.141592741    0.131184539    0.000833721
   -1.346396923   -2.692793846    0.127924383    0.000761121
   -1.346396923   -2.243994713    0.117554935    0.001153576
   -1.346396923   -1.795195818    0.098423831    0.000400120
   -1.346396923   -1.346396923    0.079284980    0.000604159
   -1.346396923   -0.897597909    0.064950552    0.000535946
   -1.346396923   -0.448798954    0.056578047    0.000631743
   -0.897597909    0.000000000    0.028927345    0.000240469
   -0.897597909    0.448798954    0.032715340    0.000241978
   -0.897597909    0.897597909    0.045551452    0.000497115
   -0.897597909    1.346396923    0.064747121    0.000428295
   -0.897597909    1.795195818    0.086315320    0.000737714
   -0.897597909    2.243994713    0.103133132    0.000644921
   -0.897597909    2.692793846    0.116756118    0.000936586
   -0.897597909    3.141592741    0.118711721    0.001217199
   -0.897597909   -3.141592741    0.118711721    0.001217199
   -0.897597909   -2.692793846    0.116392781    0.001449142
   -0.897597909   -2.243994713    0.105447555    0.000955035
   -0.897597909   -1.795195818    0.085563699    0.000707573
   -0.897597909   -1.346396923    0.064846550    0.000457325
   -0.897597909   -0.897597909    0.045052799    0.000351422
   -0.897597909   -0.448798954    0.033072864    0.000180807
   -0.448798954    0.000000000    0.008485631    0.000064508
   -0.448798954    0.448798954    0.015269038    0.000163234
   -0.448798954    0.897597909    0.033132966    0.000406567
   -0.448798954    1.346396923    0.056113675    0.000843703
   -0.448798954    1.795195818    0.078765258    0.000723837
   -0.448798954    2.243994713    0.097473071    0.000740137
   -0.448798954    2.692793846    0.107395889    0.001089172
   -0.448798954    3.141592741    0.110949102    0.000686736
   -0.448798954   -3.141592741    0.110949102    0.000686736
   -0.448798954   -2.692793846    0.107955449    0.000712802
   -0.448798954   -2.243994713    0.095713820    0.001091289
   -0.448798954   -1.795195818    0.078907039    0.000586835
   -0.448798954   -1.346396923    0.056214167    0.000766162
   -0.448798954   -0.897597909    0.033443858    0.000264129
   -0.448798954   -0.448798954    0.015269239    0.000125409
