            k_x            k_y          value          error
    0.000000000    0.000000000    0.000000000    0.000000000
    0.000000000    0.628318548    0.012640707    0.000293882
    0.000000000    1.256637096    0.040656783    0.000619244
    0.000000000    1.884955645    0.068468069    0.000768110
    0.000000000    2.513274193    0.087526870    0.000785513
    0.000000000    3.141592741    0.095376957    0.001015730
    0.000000000   -3.141592741    0.095376957    0.001015730
    0.000000000   -2.513274193    0.087526875    0.000785513
    0.000000000   -1.884955645    0.068468081    0.000768110
    0.000000000   -1.256637096    0.040656795    0.000619244
    0.000000000   -0.628318548    0.012640699    0.000293882
    0.628318548    0.000000000    0.012391800    0.000165989
    0.628318548    0.628318548    0.021766762    0.000157939
    0.628318548    1.256637096    0.046240378    0.000485713
    0.628318548    1.884955645    0.073711853    0.000721320
    0.628318548    2.513274193    0.091938377    0.000844079
    0.628318548    3.141592741    0.102014158    0.001770630
    0.628318548   -3.141592741    0.102014158    0.001770630
    0.628318548   -2.513274193    0.093696631    0.001043855
    0.628318548   -1.884955645    0.074432112    0.001005247
    0.628318548   -1.256637096    0.046590913    0.000602846
    0.628318548   -0.628318548    0.022226871    0.000463301
    1.256637096    0.000000000    0.040389832    0.000704967
    1.256637096    0.628318548    0.046556517    0.000912793
    1.256637096    1.256637096    0.066060999    0.001196803
    1.256637096    1.884955645    0.088481054    0.001305999
    1.256637096    2.513274193    0.108075746    0.000816238
    1.256637096    3.141592741    0.116775333    0.001252534
    1.256637096   -3.141592741    0.116775333    0.001252534
    1.256637096   -2.513274193    0.107357492    0.001444464
    1.256637096   -1.884955645    0.088816582    0.000756120
    1.256637096   -1.256637096    0.062876727    0.000613801
    1.256637096   -0.628318548    0.045508201    0.000655481
    1.884955645    0.000000000    0.068214947    0.000915520
    1.884955645    0.628318548    0.073678004    0.001242293
    1.884955645    1.256637096    0.088620203    0.001289621
    1.884955645    1.884955645    0.111129687    0.000979947
    1.884955645    2.513274193    0.130318183    0.001824827
    1.884955645    3.141592741    0.138972407    0.001284775
    1.884955645   -3.141592741    0.138972407    0.001284775
    1.884955645   -2.513274193    0.129470014    0.000858133
    1.884955645   -1.884955645    0.109784801    0.001001368
    1.884955645   -1.256637096    0.088489685    0.000869168
    1.884955645   -0.628318548    0.073411822    0.001099329
    2.513274193    0.000000000    0.089002072    0.000744110
    2.513274193    0.628318548    0.093970725    0.001033267
    2.513274193    1.256637096    0.107358121    0.001838312
    2.513274193    1.884955645    0.130404479    0.002050425
    2.513274193    2.513274193    0.152388223    0.002084064
    2.513274193    3.141592741    0.165632378    0.001630158
    2.513274193   -3.141592741    0.165632378    0.001630158
    2.513274193   -2.513274193    0.154905774    0.002265009
    2.513274193   -1.884955645    0.130814041    0.002026494
    2.513274193   -1.256637096    0.106800268    0.001242818
    2.513274193   -0.628318548    0.093558844    0.001251252
    3.141592741    0.000000000    0.097209435    0.002257822
   -3.141592741    0.000000000    0.097209435    0.002257822
    3.141592741    0.628318548    0.099043059    0.002193584
   -3.141592741    0.628318548    0.099043059    0.002193584
    3.141592741    1.256637096    0.113621237    0.000834544
   -3.141592741    1.256637096    0.113621237    0.000834544
    3.141592741    1.884955645    0.140516822    0.002263603
   -3.141592741    1.884955645    0.140516822    0.002263603
    3.141592741    2.513274193    0.164684045    0.002694923
   -3.141592741    2.513274193    0.164684045    0.002694923
    3.141592741    3.141592741   11.169691289    0.082745154
   -3.141592741    3.141592741   11.169691289    0.082745154
    3.141592741   -3.141592741   11.169691289    0.082745154
   -3.141592741   -3.141592741   11.169691289    0.082745154
    3.141592741   -2.513274193    0.164684033    0.002694928
   -3.141592741   -2.513274193    0.164684033    0.002694928
    3.141592741   -1.884955645    0.140516668    0.002263600
   -3.141592741   -1.884955645    0.140516668    0.002263600
    3.141592741   -1.256637096    0.113621191    0.000834545
   -3.141592741   -1.256637096    0.113621191    0.000834545
    3.141592741   -0.628318548    0.099042837    0.002193583
   -3.141592741   -0.628318548    0.099042837    0.002193583
   -2.513274193    0.000000000    0.089002077    0.000744110
   -2.513274193    0.628318548    0.093558957    0.001251252
   -2.513274193    1.256637096    0.106799721    0.001242823
   -2.513274193    1.884955645    0.130813972    0.002026495
   -2.513274193    2.513274193    0.154905781    0.002265012
   -2.513274193    3.141592741    0.165632339    0.001630154
   -2.513274193   -3.141592741    0.165632339    0.001630154
   -2.513274193   -2.513274193    0.152388199    0.002084065
   -2.513274193   -1.884955645    0.130404453    0.002050426
   -2.513274193   -1.256637096    0.107358212    0.001838311
   -2.513274193   -0.628318548    0.093970742    0.001033268
   -1.884955645    0.000000000    0.068214961    0.000915520
   -1.884955645    0.628318548    0.073412245    0.001099326
   -1.884955645    1.256637096    0.088489877    0.000869167
   -1.884955645    1.884955645    0.109784799    0.001001368
   -1.884955645    2.513274193    0.129470086    0.000858133
   -1.884955645    3.141592741    0.138972264    0.001284775
   -1.884955645   -3.141592741    0.138972264    0.001284775
   -1.884955645   -2.513274193    0.130318165    0.001824829
   -1.884955645   -1.884955645    0.111128254    0.000979953
   -1.884955645   -1.256637096    0.088620232    0.001289620
   -1.884955645   -0.628318548    0.073677796    0.001242294
   -1.256637096    0.000000000    0.040389844    0.000704968
   -1.256637096    0.628318548    0.045508270    0.000655481
   -1.256637096    1.256637096    0.062876729    0.000613802
   -1.256637096    1.884955645    0.088816399    0.000756121
   -1.256637096    2.513274193    0.107358039    0.001444464
   -1.256637096    3.141592741    0.116775285    0.001252537
   -1.256637096   -3.141592741    0.116775285    0.001252537
   -1.256637096   -2.513274193    0.108075841    0.000816237
   -1.256637096   -1.884955645    0.088481077    0.001305999
   -1.256637096   -1.256637096    0.066064360    0.001196779
   -1.256637096   -0.628318548    0.046556225    0.000912794
   -0.628318548    0.000000000    0.012391793    0.000165989
   -0.628318548    0.628318548    0.022226872    0.000463301
   -0.628318548    1.256637096    0.046590843    0.000602846
   -0.628318548    1.884955645    0.074431695    0.001005251
   -0.628318548    2.513274193    0.093696528    0.001043856
   -0.628318548    3.141592741    0.102013942    0.001770628
   -0.628318548   -3.141592741    0.102013942    0.001770628
   -0.628318548   -2.513274193    0.091938393    0.000844080
   -0.628318548   -1.884955645    0.073711649    0.000721322
   -0.628318548   -1.256637096    0.046240085    0.000485716
   -0.628318548   -0.628318548    0.021765466    0.000157944
