            k_x            k_y          value          error
    0.000000000    0.000000000    0.989272544    0.000101685
    0.000000000    0.448798954    0.989036556    0.000096273
    0.000000000    0.897597909    0.988220266    0.000073909
    0.000000000    1.346396923    0.987005727    0.000098208
    0.000000000    1.795195818    0.984934291    0.000165555
    0.000000000    2.243994713    0.983062485    0.000143610
    0.000000000    2.692793846    0.981515567    0.000146535
    0.000000000    3.141592741    0.980903715    0.000263622
    0.000000000   -3.141592741    0.980903715    0.000263622
    0.000000000   -2.692793846    0.981515566    0.000146535
    0.000000000   -2.243994713    0.983062486    0.000143610
    0.000000000   -1.795195818    0.984934291    0.000165555
    0.000000000   -1.346396923    0.987005727    0.000098208
    0.000000000   -0.897597909    0.988220265    0.000073909
    0.000000000   -0.448798954    0.989036556    0.000096273
    0.448798954    0.000000000    0.988910113    0.000063467
    0.448798954    0.448798954    0.988515928    0.000078963
    0.448798954    0.897597909    0.987380199    0.000112231
    0.448798954    1.346396923    0.984715904    0.000114092
    0.448798954    1.795195818    0.980425588    0.000140832
    0.448798954    2.243994713    0.968182200    0.000310203
    0.448798954    2.692793846    0.975919965    0.000785111
    0.448798954    3.141592741    0.739579441    0.004848448
    0.448798954   -3.141592741    0.739579441    0.004848448
    0.448798954   -2.692793846    0.975171187    0.000912195
    0.448798954   -2.243994713    0.967341578    0.000230148
    0.448798954   -1.795195818    0.980097441    0.000201617
    0.448798954   -1.346396923    0.985016193    0.000123783
    0.448798954   -0.897597909    0.987412792    0.000091620
    0.448798954   -0.448798954    0.988633055    0.000057616
    0.897597909    0.000000000    0.988211553    0.000104210
    0.897597909    0.448798954    0.987425305    0.000146465
    0.897597909    0.897597909    0.984046702    0.000158249
    0.897597909    1.346396923    0.976459409    0.000167466
    0.897597909    1.795195818    0.947771677    0.000383312
    0.897597909    2.243994713    0.032741357    0.000538396
    0.897597909    2.692793846    0.039030375    0.000198591
    0.897597909    3.141592741    0.024995241    0.000203789
    0.897597909   -3.141592741    0.024995241    0.000203789
    0.897597909   -2.692793846    0.039037317    0.000275520
    0.897597909   -2.243994713    0.032360119    0.000473735
    0.897597909   -1.795195818    0.948550446    0.000284088
    0.897597909   -1.346396923    0.976013856    0.000111242
    0.897597909   -0.897597909    0.984051968    0.000104963
    0.897597909   -0.448798954    0.987334997    0.000113646
    1.346396923    0.000000000    0.986929499    0.000090674
    1.346396923    0.448798954    0.984806871    0.000081766
    1.346396923    0.897597909    0.976301903    0.000093809
    1.346396923    1.346396923    0.939085102    0.000308243
    1.346396923    1.795195818    0.025388681    0.000226431
    1.346396923    2.243994713    0.048845558    0.000163334
    1.346396923    2.692793846    0.019648323    0.000103046
    1.346396923    3.141592741    0.015338003    0.000054781
    1.346396923   -3.141592741    0.015338003    0.000054781
    1.346396923   -2.692793846    0.019576356    0.000085442
    1.346396923   -2.243994713    0.049068440    0.000220831
    1.346396923   -1.795195818    0.024517722    0.000190526
    1.346396923   -1.346396923    0.938654231    0.000381367
    1.346396923   -0.897597909    0.976132709    0.000220099
    1.346396923   -0.448798954    0.984719002    0.000095080
    1.795195818    0.000000000    0.985116057    0.000095286
    1.795195818    0.448798954    0.980073327    0.000130535
    1.795195818    0.897597909    0.947874062    0.000285249
    1.795195818    1.346396923    0.025433444    0.000169551
    1.795195818    1.795195818    0.053719412    0.000124448
    1.795195818    2.243994713    0.020048014    0.000087183
    1.795195818    2.692793846    0.012084385    0.000063240
    1.795195818    3.141592741    0.010228439    0.000077697
    1.795195818   -3.141592741    0.010228439    0.000077697
    1.795195818   -2.692793846    0.012068657    0.000071476
    1.795195818   -2.243994713    0.020165257    0.000094413
    1.795195818   -1.795195818    0.054150446    0.000211400
    1.795195818   -1.346396923    0.025119366    0.000194877
    1.795195818   -0.897597909    0.947415620    0.000307657
    1.795195818   -0.448798954    0.979973838    0.000198474
    2.243994713    0.000000000    0.983004997    0.000192727
    2.243994713    0.448798954    0.968119207    0.000173104
    2.243994713    0.897597909    0.032045460    0.000384727
    2.243994713    1.346396923    0.048832676    0.000157649
    2.243994713    1.795195818    0.020116132    0.000093813
    2.243994713    2.243994713    0.011751748    0.000074602
    2.243994713    2.692793846    0.008510237    0.000034925
    2.243994713    3.141592741    0.007589146    0.000050506
    2.243994713   -3.141592741    0.007589146    0.000050506
    2.243994713   -2.692793846    0.008467929    0.000063991
    2.243994713   -2.243994713    0.011806689    0.000079038
    2.243994713   -1.795195818    0.020062636    0.000092336
    2.243994713   -1.346396923    0.048785017    0.000279971
    2.243994713   -0.897597909    0.032088282    0.000292759
    2.243994713   -0.448798954    0.968040384    0.000212786
    2.692793846    0.000000000    0.981489751    0.000156430
    2.692793846    0.448798954    0.975316748    0.000331457
    2.692793846    0.897597909    0.038392332    0.000139652
    2.692793846    1.346396923    0.019572622    0.000090944
    2.692793846    1.795195818    0.012004307    0.000060607
    2.692793846    2.243994713    0.008495705    0.000042537
    2.692793846    2.692793846    0.006849895    0.000043038
    2.692793846    3.141592741    0.006323840    0.000037542
    2.692793846   -3.141592741    0.006323840    0.000037542
    2.692793846   -2.692793846    0.006899601    0.000044158
    2.692793846   -2.243994713    0.008504893    0.000066178
    2.692793846   -1.795195818    0.012040193    0.000088793
    2.692793846   -1.346396923    0.019632314    0.000092314
    2.692793846   -0.897597909    0.039082062    0.000231272
    2.692793846   -0.448798954    0.976438072    0.000708329
    3.141592741    0.000000000    0.981050271    0.000358744
   -3.141592741    0.000000000    0.981050271    0.000358744
    3.141592741    0.448798954    0.755322969    0.005280210
   -3.141592741    0.448798954    0.755322969    0.005280210
    3.141592741    0.897597909    0.024742132    0.000243651
   -3.141592741    0.897597909    0.024742132    0.000243651
    3.141592741    1.346396923    0.015288416    0.000106881
   -3.141592741    1.346396923    0.015288416    0.000106881
    3.141592741    1.795195818    0.010158264    0.000044828
   -3.141592741    1.795195818    0.010158264    0.000044828
    3.141592741    2.243994713    0.007650575    0.000041498
   -3.141592741    2.243994713    0.007650575    0.000041498
    3.141592741    2.692793846    0.006381915    0.000045023
   -3.141592741    2.692793846    0.006381915    0.000045023
    3.141592741    3.141592741    0.005978921    0.000046447
   -3.141592741    3.141592741    0.005978921    0.000046447
    3.141592741   -3.141592741    0.005978921    0.000046447
   -3.141592741   -3.141592741    0.005978921    0.000046447
    3.141592741   -2.692793846    0.006381836    0.000045023
   -3.141592741   -2.692793846    0.006381836    0.000045023
    3.141592741   -2.243994713    0.007650368    0.000041498
   -3.141592741   -2.243994713    0.007650368    0.000041498
    3.141592741   -1.795195818    0.010158165    0.000044828
   -3.141592741   -1.795195818    0.010158165    0.000044828
    3.141592741   -1.346396923    0.015288163    0.000106881
   -3.141592741   -1.346396923    0.015288163    0.000106881
    3.141592741   -0.897597909    0.024742065    0.000243651
   -3.141592741   -0.897597909    0.024742065    0.000243651
    3.141592741   -0.448798954    0.755322927    0.005280211
   -3.141592741   -0.448798954    0.755322927    0.005280211
   -2.692793846    0.000000000    0.981489750    0.000156430
   -2.692793846    0.448798954    0.976438333    0.000708330
   -2.692793846    0.897597909    0.039082154    0.000231272
   -2.692793846    1.346396923    0.019632513    0.000092314
   -2.692793846    1.795195818    0.012040006    0.000088793
   -2.692793846    2.243994713    0.008505025    0.000066177
   -2.692793846    2.692793846    0.006899600    0.000044158
   -2.692793846    3.141592741    0.006323763    0.000037542
   -2.692793846   -3.141592741    0.006323763    0.000037542
   -2.692793846   -2.692793846    0.006849699    0.000043038
   -2.692793846   -2.243994713    0.008495682    0.000042537
   -2.692793846   -1.795195818    0.012004358    0.000060607
   -2.692793846   -1.346396923    0.019572601    0.000090943
   -2.692793846   -0.897597909    0.038392307    0.000139652
   -2.692793846   -0.448798954    0.975316719    0.000331456
   -2.243994713    0.000000000    0.983004997    0.000192727
   -2.243994713    0.448798954    0.968040690    0.000212786
   -2.243994713    0.897597909    0.032088299    0.000292759
   -2.243994713    1.346396923    0.048785101    0.000279971
   -2.243994713    1.795195818    0.020062804    0.000092335
   -2.243994713    2.243994713    0.011806686    0.000079038
   -2.243994713    2.692793846    0.008467798    0.000063991
   -2.243994713    3.141592741    0.007588935    0.000050505
   -2.243994713   -3.141592741    0.007588935    0.000050505
   -2.243994713   -2.692793846    0.008510213    0.000034925
   -2.243994713   -2.243994713    0.011751628    0.000074602
   -2.243994713   -1.795195818    0.020116019    0.000093813
   -2.243994713   -1.346396923    0.048832425    0.000157649
   -2.243994713   -0.897597909    0.032045271    0.000384727
   -2.243994713   -0.448798954    0.968118936    0.000173103
   -1.795195818    0.000000000    0.985116056    0.000095286
   -1.795195818    0.448798954    0.979973925    0.000198474
   -1.795195818    0.897597909    0.947415698    0.000307657
   -1.795195818    1.346396923    0.025119446    0.000194877
   -1.795195818    1.795195818    0.054150449    0.000211400
   -1.795195818    2.243994713    0.020165092    0.000094413
   -1.795195818    2.692793846    0.012068850    0.000071476
   -1.795195818    3.141592741    0.010228337    0.000077697
   -1.795195818   -3.141592741    0.010228337    0.000077697
   -1.795195818   -2.692793846    0.012084438    0.000063239
   -1.795195818   -2.243994713    0.020047900    0.000087183
   -1.795195818   -1.795195818    0.053719399    0.000124448
   -1.795195818   -1.346396923    0.025433247    0.000169550
   -1.795195818   -0.897597909    0.947873948    0.000285248
   -1.795195818   -0.448798954    0.980073243    0.000130535
   -1.346396923    0.000000000    0.986929498    0.000090674
   -1.346396923    0.448798954    0.984719129    0.000095080
   -1.346396923    0.897597909    0.976132588    0.000220099
   -1.346396923    1.346396923    0.938654232    0.000381367
   -1.346396923    1.795195818    0.024517642    0.000190526
   -1.346396923    2.243994713    0.049068365    0.000220830
   -1.346396923    2.692793846    0.019576155    0.000085442
   -1.346396923    3.141592741    0.015337747    0.000054782
   -1.346396923   -3.141592741    0.015337747    0.000054782
   -1.346396923   -2.692793846    0.019648303    0.000103045
   -1.346396923   -2.243994713    0.048845307    0.000163333
   -1.346396923   -1.795195818    0.025388486    0.000226430
   -1.346396923   -1.346396923    0.939084940    0.000308243
   -1.346396923   -0.897597909    0.976301934    0.000093809
   -1.346396923   -0.448798954    0.984806642    0.000081766
   -0.897597909    0.000000000    0.988211552    0.000104210
   -0.897597909    0.448798954    0.987335058    0.000113646
   -0.897597909    0.897597909    0.984051963    0.000104963
   -0.897597909    1.346396923    0.976013973    0.000111243
   -0.897597909    1.795195818    0.948550366    0.000284087
   -0.897597909    2.243994713    0.032360107    0.000473735
   -0.897597909    2.692793846    0.039037213    0.000275520
   -0.897597909    3.141592741    0.024995174    0.000203789
   -0.897597909   -3.141592741    0.024995174    0.000203789
   -0.897597909   -2.692793846    0.039030348    0.000198591
   -0.897597909   -2.243994713    0.032741159    0.000538396
   -0.897597909   -1.795195818    0.947771562    0.000383312
   -0.897597909   -1.346396923    0.976459442    0.000167466
   -0.897597909   -0.897597909    0.984046581    0.000158249
   -0.897597909   -0.448798954    0.987425072    0.000146465
   -0.448798954    0.000000000    0.988910113    0.000063467
   -0.448798954    0.448798954    0.988633049    0.000057617
   -0.448798954    0.897597909    0.987412722    0.000091620
   -0.448798954    1.346396923    0.985016059    0.000123783
   -0.448798954    1.795195818    0.980097356    0.000201617
   -0.448798954    2.243994713    0.967341269    0.000230148
   -0.448798954    2.692793846    0.975170925    0.000912199
   -0.448798954    3.141592741    0.739579347    0.004848447
   -0.448798954   -3.141592741    0.739579347    0.004848447
   -0.448798954   -2.692793846    0.975919942    0.000785110
   -0.448798954   -2.243994713    0.968181935    0.000310202
   -0.448798954   -1.795195818    0.980425506    0.000140832
   -0.448798954   -1.346396923    0.984715670    0.000114092
   -0.448798954   -0.897597909    0.987379967    0.000112231
   -0.448798954   -0.448798954    0.988515891    0.000078962
