            k_x            k_y          value          error
    0.000000000    0.000000000    0.045587121    0.001414502
    0.000000000    0.448798954    0.014835404    0.000360826
    0.000000000    0.897597909   -0.001265898    0.000493360
    0.000000000    1.346396923   -0.006158964    0.000083826
    0.000000000    1.795195818    0.031955092    0.000160018
    0.000000000    2.243994713    0.061153646    0.000068114
    0.000000000    2.692793846    0.081076185    0.000069998
    0.000000000    3.141592741    0.088393410    0.000077225
    0.000000000   -3.141592741    0.088393410    0.000077225
    0.000000000   -2.692793846    0.081076196    0.000069998
    0.000000000   -2.243994713    0.061153644    0.000068114
    0.000000000   -1.795195818    0.031955093    0.000160018
    0.000000000   -1.346396923   -0.006158954    0.000083826
    0.000000000   -0.897597909   -0.001265894    0.000493361
    0.000000000   -0.448798954    0.014835393    0.000360826
    0.448798954    0.000000000    0.015116145    0.000215545
    0.448798954    0.448798954    0.014578954    0.000088468
    0.448798954    0.897597909    0.005197096    0.000132424
    0.448798954    1.346396923    0.002480725    0.000083017
    0.448798954    1.795195818    0.027170339    0.000074149
    0.448798954    2.243994713    0.054939577    0.000095019
    0.448798954    2.692793846    0.074556450    0.000064253
    0.448798954    3.141592741    0.081335847    0.000085378
    0.448798954   -3.141592741    0.081335847    0.000085378
    0.448798954   -2.692793846    0.074631528    0.000071552
    0.448798954   -2.243994713    0.055023104    0.000104863
    0.448798954   -1.795195818    0.027257940    0.000091696
    0.448798954   -1.346396923    0.002345650    0.000098045
    0.448798954   -0.897597909    0.005824217    0.000198134
    0.448798954   -0.448798954    0.014910497    0.000151420
    0.897597909    0.000000000   -0.001454833    0.000335628
    0.897597909    0.448798954    0.005819888    0.000160419
    0.897597909    0.897597909    0.006918771    0.000088401
    0.897597909    1.346396923    0.005744710    0.000173848
    0.897597909    1.795195818    0.018887364    0.000104099
    0.897597909    2.243994713    0.039149745    0.000097064
    0.897597909    2.692793846    0.056161676    0.000077928
    0.897597909    3.141592741    0.063136578    0.000060401
    0.897597909   -3.141592741    0.063136578    0.000060401
    0.897597909   -2.692793846    0.056273502    0.000116339
    0.897597909   -2.243994713    0.039334193    0.000099869
    0.897597909   -1.795195818    0.018983300    0.000113675
    0.897597909   -1.346396923    0.005584664    0.000177372
    0.897597909   -0.897597909    0.007069967    0.000121360
    0.897597909   -0.448798954    0.006126367    0.000213073
    1.346396923    0.000000000   -0.006377264    0.000112236
    1.346396923    0.448798954    0.002112621    0.000096853
    1.346396923    0.897597909    0.005237577    0.000217671
    1.346396923    1.346396923    0.003082055    0.000131391
    1.346396923    1.795195818    0.007282913    0.000160064
    1.346396923    2.243994713    0.019994983    0.000154385
    1.346396923    2.692793846    0.033132440    0.000124156
    1.346396923    3.141592741    0.037695726    0.000166485
    1.346396923   -3.141592741    0.037695726    0.000166485
    1.346396923   -2.692793846    0.033084633    0.000105615
    1.346396923   -2.243994713    0.020129183    0.000107106
    1.346396923   -1.795195818    0.007189105    0.000107396
    1.346396923   -1.346396923    0.003014035    0.000130031
    1.346396923   -0.897597909    0.005382095    0.000180713
    1.346396923   -0.448798954    0.002175337    0.000110320
    1.795195818    0.000000000    0.031799395    0.000212394
    1.795195818    0.448798954    0.027111105    0.000105817
    1.795195818    0.897597909    0.018740990    0.000105506
    1.795195818    1.346396923    0.007286229    0.000126011
    1.795195818    1.795195818   -0.000143549    0.000158145
    1.795195818    2.243994713    0.003259838    0.000197167
    1.795195818    2.692793846    0.012232677    0.000151374
    1.795195818    3.141592741    0.015769084    0.000160296
    1.795195818   -3.141592741    0.015769084    0.000160296
    1.795195818   -2.692793846    0.012218209    0.000135461
    1.795195818   -2.243994713    0.003190855    0.000208446
    1.795195818   -1.795195818   -0.000242447    0.000194348
    1.795195818   -1.346396923    0.007351551    0.000154869
    1.795195818   -0.897597909    0.018833310    0.000125792
    1.795195818   -0.448798954    0.027081672    0.000124561
    2.243994713    0.000000000    0.060998128    0.000084208
    2.243994713    0.448798954    0.054760584    0.000096214
    2.243994713    0.897597909    0.039120910    0.000122371
    2.243994713    1.346396923    0.020107181    0.000092190
    2.243994713    1.795195818    0.003216260    0.000169115
    2.243994713    2.243994713   -0.004188690    0.000208263
    2.243994713    2.692793846   -0.002737528    0.000340263
    2.243994713    3.141592741   -0.001022115    0.000319410
    2.243994713   -3.141592741   -0.001022115    0.000319410
    2.243994713   -2.692793846   -0.002958272    0.000355668
    2.243994713   -2.243994713   -0.004632568    0.000159112
    2.243994713   -1.795195818    0.002990433    0.000215735
    2.243994713   -1.346396923    0.020040792    0.000142530
    2.243994713   -0.897597909    0.039174426    0.000105276
    2.243994713   -0.448798954    0.054827383    0.000105320
    2.692793846    0.000000000    0.080906308    0.000078110
    2.692793846    0.448798954    0.074473111    0.000079568
    2.692793846    0.897597909    0.056102918    0.000077914
    2.692793846    1.346396923    0.033213493    0.000086355
    2.692793846    1.795195818    0.012107859    0.000155292
    2.692793846    2.243994713   -0.002679720    0.000211947
    2.692793846    2.692793846   -0.006579735    0.000582481
    2.692793846    3.141592741   -0.005753030    0.000209150
    2.692793846   -3.141592741   -0.005753030    0.000209150
    2.692793846   -2.692793846   -0.006238454    0.000673906
    2.692793846   -2.243994713   -0.002607975    0.000219904
    2.692793846   -1.795195818    0.012198658    0.000149986
    2.692793846   -1.346396923    0.033157873    0.000110219
    2.692793846   -0.897597909    0.056146295    0.000105307
    2.692793846   -0.448798954    0.074481005    0.000073091
    3.141592741    0.000000000    0.088275258    0.000077946
   -3.141592741    0.000000000    0.088275258    0.000077946
    3.141592741    0.448798954    0.081219372    0.000078195
   -3.141592741    0.448798954    0.081219372    0.000078195
    3.141592741    0.897597909    0.063167471    0.000062033
   -3.141592741    0.897597909    0.063167471    0.000062033
    3.141592741    1.346396923    0.037666391    0.000163654
   -3.141592741    1.346396923    0.037666391    0.000163654
    3.141592741    1.795195818    0.015724951    0.000161625
   -3.141592741    1.795195818    0.015724951    0.000161625
    3.141592741    2.243994713   -0.000717961    0.000215085
   -3.141592741    2.243994713   -0.000717961    0.000215085
    3.141592741    2.692793846   -0.005608624    0.000245971
   -3.141592741    2.692793846   -0.005608624    0.000245971
    3.141592741    3.141592741   -0.007708127    0.000430786
   -3.141592741    3.141592741   -0.007708127    0.000430786
    3.141592741   -3.141592741   -0.007708127    0.000430786
   -3.141592741   -3.141592741   -0.007708127    0.000430786
    3.141592741   -2.692793846   -0.005608618    0.000245970
   -3.141592741   -2.692793846   -0.005608618    0.000245970
    3.141592741   -2.243994713   -0.000717946    0.000215085
   -3.141592741   -2.243994713   -0.000717946    0.000215085
    3.141592741   -1.795195818    0.015724956    0.000161625
   -3.141592741   -1.795195818    0.015724956    0.000161625
    3.141592741   -1.346396923    0.037666391    0.000163654
   -3.141592741   -1.346396923    0.037666391    0.000163654
    3.141592741   -0.897597909    0.063167485    0.000062033
   -3.141592741   -0.897597909    0.063167485    0.000062033
    3.141592741   -0.448798954    0.081219365    0.000078195
   -3.141592741   -0.448798954    0.081219365    0.000078195
   -2.692793846    0.000000000    0.080906320    0.000078110
   -2.692793846    0.448798954    0.074480998    0.000073091
   -2.692793846    0.897597909    0.056146297    0.000105307
   -2.692793846    1.346396923    0.033157876    0.000110219
   -2.692793846    1.795195818    0.012198657    0.000149986
   -2.692793846    2.243994713   -0.002607968    0.000219904
   -2.692793846    2.692793846   -0.006238454    0.000673906
   -2.692793846    3.141592741   -0.005753024    0.000209150
   -2.692793846   -3.141592741   -0.005753024    0.000209150
   -2.692793846   -2.692793846   -0.006579733    0.000582481
   -2.692793846   -2.243994713   -0.002679722    0.000211947
   -2.692793846   -1.795195818    0.012107860    0.000155292
   -2.692793846   -1.346396923    0.033213496    0.000086355
   -2.692793846   -0.897597909    0.056102914    0.000077914
   -2.692793846   -0.448798954    0.074473109    0.000079568
   -2.243994713    0.000000000    0.060998126    0.000084208
   -2.243994713    0.448798954    0.054827388    0.000105321
   -2.243994713    0.897597909    0.039174435    0.000105276
   -2.243994713    1.346396923    0.020040792    0.000142530
   -2.243994713    1.795195818    0.002990426    0.000215735
   -2.243994713    2.243994713   -0.004632568    0.000159112
   -2.243994713    2.692793846   -0.002958278    0.000355668
   -2.243994713    3.141592741   -0.001022101    0.000319410
   -2.243994713   -3.141592741   -0.001022101    0.000319410
   -2.243994713   -2.692793846   -0.002737530    0.000340263
   -2.243994713   -2.243994713   -0.004188693    0.000208263
   -2.243994713   -1.795195818    0.003216274    0.000169115
   -2.243994713   -1.346396923    0.020107179    0.000092190
   -2.243994713   -0.897597909    0.039120913    0.000122371
   -2.243994713   -0.448798954    0.054760572    0.000096214
   -1.795195818    0.000000000    0.031799397    0.000212395
   -1.795195818    0.448798954    0.027081679    0.000124561
   -1.795195818    0.897597909    0.018833317    0.000125792
   -1.795195818    1.346396923    0.007351554    0.000154869
   -1.795195818    1.795195818   -0.000242447    0.000194348
   -1.795195818    2.243994713    0.003190861    0.000208446
   -1.795195818    2.692793846    0.012218210    0.000135461
   -1.795195818    3.141592741    0.015769089    0.000160296
   -1.795195818   -3.141592741    0.015769089    0.000160296
   -1.795195818   -2.692793846    0.012232679    0.000151374
   -1.795195818   -2.243994713    0.003259852    0.000197167
   -1.795195818   -1.795195818   -0.000143551    0.000158145
   -1.795195818   -1.346396923    0.007286235    0.000126011
   -1.795195818   -0.897597909    0.018740999    0.000105506
   -1.795195818   -0.448798954    0.027111098    0.000105817
   -1.346396923    0.000000000   -0.006377254    0.000112236
   -1.346396923    0.448798954    0.002175347    0.000110320
   -1.346396923    0.897597909    0.005382103    0.000180713
   -1.346396923    1.346396923    0.003014035    0.000130031
   -1.346396923    1.795195818    0.007189102    0.000107396
   -1.346396923    2.243994713    0.020129183    0.000107106
   -1.346396923    2.692793846    0.033084629    0.000105615
   -1.346396923    3.141592741    0.037695725    0.000166485
   -1.346396923   -3.141592741    0.037695725    0.000166485
   -1.346396923   -2.692793846    0.033132442    0.000124156
   -1.346396923   -2.243994713    0.019994982    0.000154385
   -1.346396923   -1.795195818    0.007282919    0.000160063
   -1.346396923   -1.346396923    0.003082047    0.000131392
   -1.346396923   -0.897597909    0.005237577    0.000217671
   -1.346396923   -0.448798954    0.002112605    0.000096853
   -0.897597909    0.000000000   -0.001454829    0.000335628
   -0.897597909    0.448798954    0.006126370    0.000213073
   -0.897597909    0.897597909    0.007069966    0.000121360
   -0.897597909    1.346396923    0.005584656    0.000177372
   -0.897597909    1.795195818    0.018983292    0.000113675
   -0.897597909    2.243994713    0.039334185    0.000099869
   -0.897597909    2.692793846    0.056273500    0.000116339
   -0.897597909    3.141592741    0.063136592    0.000060401
   -0.897597909   -3.141592741    0.063136592    0.000060401
   -0.897597909   -2.692793846    0.056161672    0.000077928
   -0.897597909   -2.243994713    0.039149748    0.000097064
   -0.897597909   -1.795195818    0.018887373    0.000104099
   -0.897597909   -1.346396923    0.005744708    0.000173849
   -0.897597909   -0.897597909    0.006918765    0.000088401
   -0.897597909   -0.448798954    0.005819869    0.000160419
   -0.448798954    0.000000000    0.015116133    0.000215544
   -0.448798954    0.448798954    0.014910497    0.000151420
   -0.448798954    0.897597909    0.005824213    0.000198134
   -0.448798954    1.346396923    0.002345641    0.000098045
   -0.448798954    1.795195818    0.027257934    0.000091696
   -0.448798954    2.243994713    0.055023100    0.000104863
   -0.448798954    2.692793846    0.074631535    0.000071552
   -0.448798954    3.141592741    0.081335841    0.000085378
   -0.448798954   -3.141592741    0.081335841    0.000085378
   -0.448798954   -2.692793846    0.074556448    0.000064253
   -0.448798954   -2.243994713    0.054939565    0.000095019
   -0.448798954   -1.795195818    0.027170332    0.000074149
   -0.448798954   -1.346396923    0.002480709    0.000083017
   -0.448798954   -0.897597909    0.005197078    0.000132424
   -0.448798954   -0.448798954    0.014578948    0.000088468
