            k_x            k_y          value          error
    0.000000000    0.000000000    0.285953420    0.000090305
    0.000000000    0.448798954    0.272105849    0.000087375
    0.000000000    0.897597909    0.235070184    0.000092944
    0.000000000    1.346396923    0.188050498    0.000082872
    0.000000000    1.795195818    0.145042438    0.000069167
    0.000000000    2.243994713    0.113642040    0.000061502
    0.000000000    2.692793846    0.094466931    0.000066996
    0.000000000    3.141592741    0.088393418    0.000077225
    0.000000000   -3.141592741    0.088393418    0.000077225
    0.000000000   -2.692793846    0.094466930    0.000066996
    0.000000000   -2.243994713    0.113642041    0.000061502
    0.000000000   -1.795195818    0.145042430    0.000069167
    0.000000000   -1.346396923    0.188050482    0.000082872
    0.000000000   -0.897597909    0.235070174    0.000092944
    0.000000000   -0.448798954    0.272105841    0.000087375
    0.448798954    0.000000000    0.272045382    0.000088225
    0.448798954    0.448798954    0.257683168    0.000087256
    0.448798954    0.897597909    0.222659889    0.000082360
    0.448798954    1.346396923    0.177822260    0.000080752
    0.448798954    1.795195818    0.136554408    0.000063018
    0.448798954    2.243994713    0.105124852    0.000063624
    0.448798954    2.692793846    0.086837746    0.000055896
    0.448798954    3.141592741    0.080530755    0.000078624
    0.448798954   -3.141592741    0.080530755    0.000078624
    0.448798954   -2.692793846    0.086823280    0.000067559
    0.448798954   -2.243994713    0.105087104    0.000066303
    0.448798954   -1.795195818    0.136493452    0.000078498
    0.448798954   -1.346396923    0.177759100    0.000081828
    0.448798954   -0.897597909    0.222613232    0.000079915
    0.448798954   -0.448798954    0.257660260    0.000087845
    0.897597909    0.000000000    0.234949341    0.000080693
    0.897597909    0.448798954    0.222590270    0.000081465
    0.897597909    0.897597909    0.190840621    0.000072948
    0.897597909    1.346396923    0.150261097    0.000066013
    0.897597909    1.795195818    0.111984343    0.000060507
    0.897597909    2.243994713    0.082997566    0.000053542
    0.897597909    2.692793846    0.065434517    0.000057485
    0.897597909    3.141592741    0.059973823    0.000054119
    0.897597909   -3.141592741    0.059973823    0.000054119
    0.897597909   -2.692793846    0.065417126    0.000058692
    0.897597909   -2.243994713    0.082963763    0.000063556
    0.897597909   -1.795195818    0.111924284    0.000064087
    0.897597909   -1.346396923    0.150185373    0.000077048
    0.897597909   -0.897597909    0.190778985    0.000076501
    0.897597909   -0.448798954    0.222552140    0.000082022
    1.346396923    0.000000000    0.187864764    0.000079266
    1.346396923    0.448798954    0.177649754    0.000079872
    1.346396923    0.897597909    0.150186151    0.000071186
    1.346396923    1.346396923    0.113440292    0.000060557
    1.346396923    1.795195818    0.078578712    0.000060344
    1.346396923    2.243994713    0.052560233    0.000057303
    1.346396923    2.692793846    0.037368159    0.000053142
    1.346396923    3.141592741    0.032143019    0.000056856
    1.346396923   -3.141592741    0.032143019    0.000056856
    1.346396923   -2.692793846    0.037306374    0.000049238
    1.346396923   -2.243994713    0.052484569    0.000055436
    1.346396923   -1.795195818    0.078520892    0.000066065
    1.346396923   -1.346396923    0.113369338    0.000072321
    1.346396923   -0.897597909    0.150120375    0.000070696
    1.346396923   -0.448798954    0.177613973    0.000074991
    1.795195818    0.000000000    0.144831510    0.000083398
    1.795195818    0.448798954    0.136372073    0.000071856
    1.795195818    0.897597909    0.111863584    0.000068559
    1.795195818    1.346396923    0.078525313    0.000068573
    1.795195818    1.795195818    0.045974610    0.000058724
    1.795195818    2.243994713    0.022483023    0.000054577
    1.795195818    2.692793846    0.009670361    0.000056636
    1.795195818    3.141592741    0.005772282    0.000057057
    1.795195818   -3.141592741    0.005772282    0.000057057
    1.795195818   -2.692793846    0.009647591    0.000058941
    1.795195818   -2.243994713    0.022416627    0.000058421
    1.795195818   -1.795195818    0.045914102    0.000061725
    1.795195818   -1.346396923    0.078464389    0.000070906
    1.795195818   -0.897597909    0.111830998    0.000073289
    1.795195818   -0.448798954    0.136318724    0.000076430
    2.243994713    0.000000000    0.113473324    0.000073932
    2.243994713    0.448798954    0.104967787    0.000076134
    2.243994713    0.897597909    0.082868179    0.000071605
    2.243994713    1.346396923    0.052477395    0.000067806
    2.243994713    1.795195818    0.022448721    0.000070977
    2.243994713    2.243994713    0.000644831    0.000067560
    2.243994713    2.692793846   -0.010384400    0.000073610
    2.243994713    3.141592741   -0.013291826    0.000077721
    2.243994713   -3.141592741   -0.013291826    0.000077721
    2.243994713   -2.692793846   -0.010404402    0.000076612
    2.243994713   -2.243994713    0.000598557    0.000073266
    2.243994713   -1.795195818    0.022391738    0.000071725
    2.243994713   -1.346396923    0.052408824    0.000076739
    2.243994713   -0.897597909    0.082839583    0.000070229
    2.243994713   -0.448798954    0.104917178    0.000074958
    2.692793846    0.000000000    0.094308596    0.000075491
    2.692793846    0.448798954    0.086716725    0.000069060
    2.692793846    0.897597909    0.065334926    0.000066476
    2.692793846    1.346396923    0.037286185    0.000067985
    2.692793846    1.795195818    0.009660949    0.000074891
    2.692793846    2.243994713   -0.010392447    0.000077410
    2.692793846    2.692793846   -0.019980096    0.000086153
    2.692793846    3.141592741   -0.022391058    0.000091398
    2.692793846   -3.141592741   -0.022391058    0.000091398
    2.692793846   -2.692793846   -0.019997916    0.000091664
    2.692793846   -2.243994713   -0.010411082    0.000089343
    2.692793846   -1.795195818    0.009611204    0.000075395
    2.692793846   -1.346396923    0.037247091    0.000071071
    2.692793846   -0.897597909    0.065310500    0.000074188
    2.692793846   -0.448798954    0.086710570    0.000068897
    3.141592741    0.000000000    0.088275266    0.000077946
   -3.141592741    0.000000000    0.088275266    0.000077946
    3.141592741    0.448798954    0.080405476    0.000071632
   -3.141592741    0.448798954    0.080405476    0.000071632
    3.141592741    0.897597909    0.059885520    0.000057637
   -3.141592741    0.897597909    0.059885520    0.000057637
    3.141592741    1.346396923    0.032065490    0.000070960
   -3.141592741    1.346396923    0.032065490    0.000070960
    3.141592741    1.795195818    0.005765651    0.000079917
   -3.141592741    1.795195818    0.005765651    0.000079917
    3.141592741    2.243994713   -0.013310154    0.000085030
   -3.141592741    2.243994713   -0.013310154    0.000085030
    3.141592741    2.692793846   -0.022395327    0.000094269
   -3.141592741    2.692793846   -0.022395327    0.000094269
    3.141592741    3.141592741   -0.023996138    0.000098302
   -3.141592741    3.141592741   -0.023996138    0.000098302
    3.141592741   -3.141592741   -0.023996138    0.000098302
   -3.141592741   -3.141592741   -0.023996138    0.000098302
    3.141592741   -2.692793846   -0.022395329    0.000094269
   -3.141592741   -2.692793846   -0.022395329    0.000094269
    3.141592741   -2.243994713   -0.013310155    0.000085030
   -3.141592741   -2.243994713   -0.013310155    0.000085030
    3.141592741   -1.795195818    0.005765647    0.000079917
   -3.141592741   -1.795195818    0.005765647    0.000079917
    3.141592741   -1.346396923    0.032065480    0.000070960
   -3.141592741   -1.346396923    0.032065480    0.000070960
    3.141592741   -0.897597909    0.059885509    0.000057637
   -3.141592741   -0.897597909    0.059885509    0.000057637
    3.141592741   -0.448798954    0.080405471    0.000071632
   -3.141592741   -0.448798954    0.080405471    0.000071632
   -2.692793846    0.000000000    0.094308596    0.000075491
   -2.692793846    0.448798954    0.086710580    0.000068897
   -2.692793846    0.897597909    0.065310507    0.000074188
   -2.692793846    1.346396923    0.037247101    0.000071071
   -2.692793846    1.795195818    0.009611209    0.000075395
   -2.692793846    2.243994713   -0.010411087    0.000089343
   -2.692793846    2.692793846   -0.019997916    0.000091664
   -2.692793846    3.141592741   -0.022391060    0.000091398
   -2.692793846   -3.141592741   -0.022391060    0.000091398
   -2.692793846   -2.692793846   -0.019980096    0.000086153
   -2.692793846   -2.243994713   -0.010392446    0.000077410
   -2.692793846   -1.795195818    0.009660945    0.000074891
   -2.692793846   -1.346396923    0.037286172    0.000067985
   -2.692793846   -0.897597909    0.065334919    0.000066476
   -2.692793846   -0.448798954    0.086716719    0.000069060
   -2.243994713    0.000000000    0.113473325    0.000073932
   -2.243994713    0.448798954    0.104917184    0.000074958
   -2.243994713    0.897597909    0.082839590    0.000070229
   -2.243994713    1.346396923    0.052408836    0.000076739
   -2.243994713    1.795195818    0.022391746    0.000071725
   -2.243994713    2.243994713    0.000598557    0.000073266
   -2.243994713    2.692793846   -0.010404397    0.000076612
   -2.243994713    3.141592741   -0.013291826    0.000077721
   -2.243994713   -3.141592741   -0.013291826    0.000077721
   -2.243994713   -2.692793846   -0.010384399    0.000073610
   -2.243994713   -2.243994713    0.000644832    0.000067560
   -2.243994713   -1.795195818    0.022448714    0.000070977
   -2.243994713   -1.346396923    0.052477388    0.000067806
   -2.243994713   -0.897597909    0.082868171    0.000071605
   -2.243994713   -0.448798954    0.104967784    0.000076134
   -1.795195818    0.000000000    0.144831502    0.000083398
   -1.795195818    0.448798954    0.136318725    0.000076430
   -1.795195818    0.897597909    0.111830998    0.000073289
   -1.795195818    1.346396923    0.078464395    0.000070906
   -1.795195818    1.795195818    0.045914102    0.000061725
   -1.795195818    2.243994713    0.022416618    0.000058421
   -1.795195818    2.692793846    0.009647586    0.000058941
   -1.795195818    3.141592741    0.005772279    0.000057057
   -1.795195818   -3.141592741    0.005772279    0.000057057
   -1.795195818   -2.692793846    0.009670357    0.000056636
   -1.795195818   -2.243994713    0.022483017    0.000054577
   -1.795195818   -1.795195818    0.045974599    0.000058724
   -1.795195818   -1.346396923    0.078525297    0.000068573
   -1.795195818   -0.897597909    0.111863568    0.000068559
   -1.795195818   -0.448798954    0.136372062    0.000071856
   -1.346396923    0.000000000    0.187864749    0.000079266
   -1.346396923    0.448798954    0.177613967    0.000074991
   -1.346396923    0.897597909    0.150120368    0.000070696
   -1.346396923    1.346396923    0.113369337    0.000072321
   -1.346396923    1.795195818    0.078520885    0.000066065
   -1.346396923    2.243994713    0.052484557    0.000055436
   -1.346396923    2.692793846    0.037306364    0.000049238
   -1.346396923    3.141592741    0.032143008    0.000056856
   -1.346396923   -3.141592741    0.032143008    0.000056856
   -1.346396923   -2.692793846    0.037368145    0.000053142
   -1.346396923   -2.243994713    0.052560226    0.000057303
   -1.346396923   -1.795195818    0.078578695    0.000060344
   -1.346396923   -1.346396923    0.113440267    0.000060557
   -1.346396923   -0.897597909    0.150186128    0.000071186
   -1.346396923   -0.448798954    0.177649738    0.000079872
   -0.897597909    0.000000000    0.234949331    0.000080693
   -0.897597909    0.448798954    0.222552139    0.000082022
   -0.897597909    0.897597909    0.190778985    0.000076501
   -0.897597909    1.346396923    0.150185380    0.000077048
   -0.897597909    1.795195818    0.111924284    0.000064087
   -0.897597909    2.243994713    0.082963755    0.000063556
   -0.897597909    2.692793846    0.065417119    0.000058692
   -0.897597909    3.141592741    0.059973812    0.000054119
   -0.897597909   -3.141592741    0.059973812    0.000054119
   -0.897597909   -2.692793846    0.065434511    0.000057485
   -0.897597909   -2.243994713    0.082997558    0.000053542
   -0.897597909   -1.795195818    0.111984326    0.000060507
   -0.897597909   -1.346396923    0.150261074    0.000066013
   -0.897597909   -0.897597909    0.190840604    0.000072948
   -0.897597909   -0.448798954    0.222590262    0.000081465
   -0.448798954    0.000000000    0.272045374    0.000088225
   -0.448798954    0.448798954    0.257660260    0.000087844
   -0.448798954    0.897597909    0.222613232    0.000079915
   -0.448798954    1.346396923    0.177759106    0.000081828
   -0.448798954    1.795195818    0.136493450    0.000078498
   -0.448798954    2.243994713    0.105087097    0.000066303
   -0.448798954    2.692793846    0.086823270    0.000067559
   -0.448798954    3.141592741    0.080530750    0.000078624
   -0.448798954   -3.141592741    0.080530750    0.000078624
   -0.448798954   -2.692793846    0.086837740    0.000055896
   -0.448798954   -2.243994713    0.105124849    0.000063624
   -0.448798954   -1.795195818    0.136554397    0.000063018
   -0.448798954   -1.346396923    0.177822244    0.000080752
   -0.448798954   -0.897597909    0.222659882    0.000082360
   -0.448798954   -0.448798954    0.257683149    0.000087256
